0051328
0051332
0051333
0051334
0051335
0051336
0051338
0051339
0051340
0051341
0051342
0051343
0051344
0051345
0051346
0051347
0051348
0051322
0051323
0051324
0051325
0051326
0051327
0051319
0051320
0051321
0051362
0051363
0051364
0051365
0051369
0051370
0051373
0051318
0051606
0051607
0051329
0051330
0051331
0051349
0051350
0051351
0051352
0051353
0051354
0051355
0051356
0051357
0051358
0051359
0051360
0051361
0051456
0051457
0051458
0051459
0051460
0051461
0051462
0051463
0051464
0051465
0051466
0051467
0051468
0051469
0051470
0051471
0051472
0051473
0051474
0051476
0051477
0051478
0051479
0051480
0051481
0051482
0051483
0051484
0051485
0051486
0051487
0051488
0051489
0051490
0051491
0051492
0051493
0050642
0050646
0050647
0050649
0050653
0050654
0050656
0050659
0050660
0050663
0050664
0050665
0050666
0050668
0050643
0050644
0050645
0050648
0050650
0050651
0050652
0050655
0050657
0050658
0050661
0050669
0050667
0050232
0050233
0050234
0050235
0050236
0050237
0050239
0050240
0050241
0050242
0050243
0050245
0050246
0050247
0050248
0050249
0050250
0050251
0050252
0050253
0050254
0050255
0050257
0050259
0050260
0050261
0050262
0050263
0050264
0050265
0050266
0050267
0050268
0050269
0050270
0050271
0051132
0051133
0051134
0051135
0051136
0051137
0051138
0051139
0051140
0051141
0051142
0051201
0051202
0051203
0051204
0051205
0051206
0051207
0051208
0051209
0051210
0051211
0051212
0051213
0051214
0051215
0051216
0051217
0051218
0051219
0051220
0051221
0051222
0051223
0051224
0051225
0051226
0051227
0051228
0051229
0051230
0051231
0051234
0051235
0051236
0051237
0051238
0051239
0051240
0051241
0051248
0051249
0051250
0051251
0051252
0051253
0051254
0051255
0051256
0051257
0051258
0051260
0051261
0051262
0051263
0051264
0051265
0051266
0051267
0051268
0051269
0051271
0051272
0051273
0051274
0051275
0051276
0051277
0051278
0051279
0051280
0051281
0051282
0050682
0050683
0050685
0050686
0050687
0050688
0050689
0050690
0050691
0050692
0050693
0050694
0050695
0050696
0050697
0050698
0050699
0050700
0050701
0050702
0050703
0050704
0050705
0050706
0050707
0050708
0050709
0050710
0050711
0050722
0050723
0050724
0050725
0050726
0050727
0050728
0050730
0050731
0050732
0050733
0050735
0050736
0050737
0050738
0050739
0050740
0050741
0050742
0050743
0050744
0050745
0050746
0050747
0050748
0050749
0050750
0050751
0050752
0050753
0050754
0050755
0050756
0050757
0050532
0050529
0050530
0050526
0050527
0050531
0050523
0050518
0050519
0050514
0050515
0050510
0050511
0050507
0050509
0050501
0050502
0050496
0050497
0050491
0050492
0050498
0050516
0050485
0050486
0050488
0050499
0050481
0050489
0050500
0050520
0050470
0050482
0050490
0050503
0050521
0050467
0050483
0050493
0050504
0050524
0050449
0050468
0050477
0050494
0050505
0050525
0050433
0050434
0050435
0050436
0050437
0050438
0050439
0050440
0050441
0050442
0050443
0050444
0050445
0050446
0050447
0050448
0050453
0050455
0050463
0050466
0050469
0050480
0050487
0050528
0051160
0051161
0051162
0051163
0051164
0051165
0051166
0051167
0051168
0051169
0051170
0051171
0051172
0051173
0051174
0051175
0051177
0051178
0051179
0051180
0051181
0051182
0051183
0051184
0051185
0051186
0051187
0051188
0051189
0051190
0051191
0051192
0051193
0051194
0051195
0051196
0051197
0051198
0051199
0050003
0050004
0050005
0050006
0050007
0050008
0050009
0050010
0050011
0050012
0050013
0050014
0050015
0050016
0050017
0050019
0050020
0050022
0050023
0050024
0050025
0050026
0050027
0050028
0050029
0050030
0050031
0050032
0050033
0050034
0050035
0050036
0050037
0050038
0050039
0050040
0050041
0050042
0050043
0050044
0050045
0050046
0050047
0050048
0050049
0050050
0050051
0050052
0050053
0050054
0050055
0050056
0050057
0050058
0050059
0050060
0050102
0050103
0050104
0050105
0050106
0050107
0050109
0050110
0050111
0050112
0050113
0050114
0050115
0050116
0050117
0050118
0050119
0050120
0050121
0050122
0050123
0050124
0050125
0050126
0050127
0050128
0050129
0050130
0050131
0050132
0050133
0050134
0050135
0050136
0050551
0050552
0050553
0050554
0050555
0050556
0050557
0050558
0050559
0050560
0050561
0050562
0050563
0050564
0050565
0050566
0050567
0050568
0050569
0050570
0050571
0050572
0050573
0050574
0050575
0050576
0050577
0050578
0050601
0050602
0050603
0050604
0050605
0050606
0050607
0050608
0050609
0050610
0050611
0050612
0050613
0050614
0050615
0050616
0050617
0050618
0050619
0050620
0050621
0050622
0050623
0050624
0050625
0050626
0050627
0050628
0051291
0051292
0051293
0051294
0051295
0051296
0051297
0051298
0051299
0051300
0051301
0051302
0051303
0051304
0051305
0051306
0051307
0051308
0051309
0051311
0051312
0051316
0051313
0051317
0051314
0051315
0050952
0050954
0050955
0050956
0050957
0050958
0050959
0050960
0050961
0050962
0050964
0050965
0050966
0050967
0050968
0050969
0050970
0050972
0050973
0050974
0050976
0050977
0050978
0050979
0050981
0050982
0050983
0050984
0050985
0050986
0050987
0050988
0050989
0050990
0050991
0050992
0050993
0050994
0050995
0050996
0050997
0050998
0050999
0051000
0051001
0051002
0051003
0051006
0051007
0051008
0051009
0051010
0051011
0051012
0051013
0051014
0051015
0051016
0051017
0051018
0051019
0051020
0051021
0051023
0051024
0051025
0051026
0051027
0051028
0051029
0051030
0051032
0051033
0051034
0051035
0051036
0051038
0051039
0051040
0051041
0051042
0051044
0051045
0051046
0051047
0051048
0051049
0051050
0051051
0051052
0051053
0051054
0051055
0051056
0051057
0051058
0051059
0051060
0051061
0051062
0051063
0051064
0051065
0051066
0051067
0051068
0051069
0051070
0051071
0051072
0051073
0051074
0051075
0051076
0051077
0051078
0051079
0051080
0051081
0051082
0051083
0051084
0051085
0051086
0051087
0051088
0051089
0051090
0051091
0051093
0051094
0051095
0051096
0051097
0051098
0051099
0051100
0051101
0051102
0051103
0051104
0051105
0051106
0051107
0051109
0051110
0051111
0051112
0051113
0051114
0051116
0051117
0051118
0051121
0051122
0051123
0051124
0051126
0051127
0051128
0051129
0051130
0051131
0051146
0051147
0051148
0051149
0051150
0051151
0051152
0051153
0051154
0051155
0051156
0051159
0050142
0050143
0050144
0050145
0050146
0050147
0050148
0050149
0050150
0050152
0050153
0050156
0050157
0050158
0050159
0050160
0050161
0050162
0050163
0050164
0050166
0050167
0050168
0050169
0050170
0050171
0050382
0050383
0050385
0050386
0050387
0050388
0050390
0050391
0050397
0050399
0050402
0050403
0050404
0050405
0050406
0050407
0050408
0050410
0050411
0050412
0050413
0050414
0050415
0050416
0050417
0050418
0050419
0050421
0050422
0050424
0050425
0050426
0050427
0050428
0050272
0050273
0050274
0050275
0050276
0050277
0050278
0050279
0050280
0050281
0050282
0050283
0050284
0050285
0050286
0050287
0050288
0050289
0050290
0050291
0050292
0050293
0050294
0050295
0050296
0050297
0050298
0050299
0050300
0050301
0050302
0050303
0050304
0050305
0050306
0050307
0050308
0050310
0050311
0050312
0050313
0050314
0050315
0050316
0050317
0050318
0050319
0050320
0050321
0050322
0050324
0050325
0050326
0050327
0050329
0050330
0050331
0050332
0050333
0050334
0050335
0050336
0050337
0050338
0050339
0050340
0050341
0050342
0050343
0050344
0050345
0050346
0050347
0050348
0050349
0050350
0050351
0050352
0050353
0050354
0050355
0050356
0050357
0050358
0050359
0050360
0050361
0050362
0050363
0050364
0050365
0050366
0050367
0050368
0050369
0050370
0050371
0050372
0050373
0050374
0050375
0050376
0050377
0050379
0050380
0050381
0050772
0050773
0050774
0050775
0050776
0050777
0050778
0050779
0050780
0050781
0050782
0050783
0050784
0050785
0050786
0050787
0050788
0050789
0050790
0050791
0050792
0050793
0050794
0050795
0050796
0050797
0050798
0050799
0050800
0050801
0050802
0050803
0050804
0050807
0050812
0050814
0050815
0050816
0050817
0050818
0050819
0050820
0050821
0050822
0050823
0050824
0050825
0050826
0050182
0050183
0050184
0050185
0050186
0050187
0050188
0050189
0050190
0050191
0050192
0050193
0050194
0050195
0050196
0050197
0050198
0050199
0050200
0050201
0050202
0050203
0050204
0050205
0050206
0050207
0050208
0050209
0050210
0050211
0050212
0050213
0050214
0050215
0050216
0050217
0051556
0051557
0051558
0051559
0051560
0051561
0051562
0051563
0051564
0051565
0051566
0051567
0051568
0051569
0051570
0051571
0051572
0051573
0051574
0051575
0051576
0051577
0051578
0051579
0051580
0051581
0051582
0051583
0051584
0051585